%combined refraction index at T=27, S=0 from Daiman&Masumura 2007 (180-338nm, adjusted to 27°C), Quan & Fry 1995(340-800nm), Segelstein 1981 (800-1660nm), Max & Chapados 2009 (1660-4000nm)
%segelstein is fitted from 800 to 1660nm between quan&fry(800) and max&chapados(1660): refri=0.57002 * refri(segelstein) + 0.57225
% 
% R. Röttgers, HZG(2016)
%wl refri
180 1.474463708
182 1.467326692
184 1.460482996
186 1.454355107
188 1.448788347
190 1.443701935
192 1.439050993
194 1.434749136
196 1.430774446
198 1.427076818
200 1.423641781
202 1.420447119
204 1.417396021
206 1.414548413
208 1.411834545
210 1.40931078
212 1.406867056
214 1.404629552
216 1.402435437
218 1.400385999
220 1.398409877
222 1.396560453
224 1.394696467
226 1.393015124
228 1.39138737
230 1.38976369
232 1.388255189
234 1.386876773
236 1.385477388
238 1.384130967
240 1.382771819
242 1.381560947
244 1.38037446
246 1.379186313
248 1.378085445
250 1.377028518
252 1.375965271
254 1.374932112
256 1.374040963
258 1.373112107
260 1.37217692
262 1.371259238
264 1.370458283
266 1.36965334
268 1.368833577
270 1.36804804
272 1.367314472
274 1.366533846
276 1.365814044
278 1.365136965
280 1.364480914
282 1.363812241
284 1.363126391
286 1.362511161
288 1.361924351
290 1.361348808
292 1.360771191
294 1.360194649
296 1.359631083
298 1.359075626
300 1.358610559
302 1.35816832
304 1.357682854
306 1.357194994
308 1.356707913
310 1.356221116
312 1.355737703
314 1.355278571
316 1.354934808
318 1.35455552
320 1.35416179
322 1.353766698
324 1.35337233
326 1.352978869
328 1.35258539
330 1.352194276
332 1.351804
334 1.35142945
336 1.351139797
338 1.350881749
340 1.350543
342 1.350206
344 1.349875
346 1.349552
348 1.349235
350 1.348925
352 1.348621
354 1.348324
356 1.348032
358 1.347747
360 1.347467
362 1.347193
364 1.346924
366 1.34666
368 1.346401
370 1.346148
372 1.345899
374 1.345655
376 1.345415
378 1.34518
380 1.344949
382 1.344723
384 1.3445
386 1.344282
388 1.344067
390 1.343856
392 1.343649
394 1.343445
396 1.343245
398 1.343048
400 1.342855
402 1.342665
404 1.342478
406 1.342294
408 1.342113
410 1.341935
412 1.34176
414 1.341587
416 1.341418
418 1.341251
420 1.341086
422 1.340924
424 1.340765
426 1.340608
428 1.340453
430 1.340301
432 1.340151
434 1.340003
436 1.339857
438 1.339714
440 1.339572
442 1.339433
444 1.339295
446 1.339159
448 1.339026
450 1.338894
452 1.338764
454 1.338635
456 1.338509
458 1.338384
460 1.338261
462 1.338139
464 1.338019
466 1.3379
468 1.337783
470 1.337668
472 1.337554
474 1.337441
476 1.33733
478 1.33722
480 1.337111
482 1.337004
484 1.336898
486 1.336794
488 1.33669
490 1.336588
492 1.336487
494 1.336387
496 1.336289
498 1.336191
500 1.336095
502 1.335999
504 1.335905
506 1.335812
508 1.335719
510 1.335628
512 1.335538
514 1.335449
516 1.335361
518 1.335273
520 1.335187
522 1.335101
524 1.335017
526 1.334933
528 1.33485
530 1.334768
532 1.334687
534 1.334606
536 1.334527
538 1.334448
540 1.33437
542 1.334293
544 1.334216
546 1.33414
548 1.334065
550 1.333991
552 1.333917
554 1.333844
556 1.333772
558 1.3337
560 1.33363
562 1.333559
564 1.33349
566 1.333421
568 1.333352
570 1.333284
572 1.333217
574 1.33315
576 1.333084
578 1.333019
580 1.332954
582 1.332889
584 1.332826
586 1.332762
588 1.3327
590 1.332637
592 1.332576
594 1.332515
596 1.332454
598 1.332394
600 1.332334
602 1.332275
604 1.332216
606 1.332158
608 1.3321
610 1.332043
612 1.331986
614 1.331929
616 1.331873
618 1.331818
620 1.331762
622 1.331708
624 1.331653
626 1.331599
628 1.331546
630 1.331492
632 1.33144
634 1.331387
636 1.331335
638 1.331284
640 1.331232
642 1.331182
644 1.331131
646 1.331081
648 1.331031
650 1.330982
652 1.330932
654 1.330884
656 1.330835
658 1.330787
660 1.330739
662 1.330692
664 1.330645
666 1.330598
668 1.330551
670 1.330505
672 1.330459
674 1.330414
676 1.330368
678 1.330323
680 1.330279
682 1.330234
684 1.33019
686 1.330146
688 1.330103
690 1.330059
692 1.330016
694 1.329973
696 1.329931
698 1.329888
700 1.329846
702 1.329805
704 1.329763
706 1.329722
708 1.329681
710 1.32964
712 1.3296
714 1.32956
716 1.329519
718 1.32948
720 1.32944
722 1.329401
724 1.329362
726 1.329323
728 1.329284
730 1.329246
732 1.329208
734 1.32917
736 1.329132
738 1.329095
740 1.329057
742 1.32902
744 1.328983
746 1.328946
748 1.32891
750 1.328873
752 1.328837
754 1.328801
756 1.328766
758 1.32873
760 1.328695
762 1.32866
764 1.328625
766 1.32859
768 1.328555
770 1.328521
772 1.328487
774 1.328453
776 1.328419
778 1.328385
780 1.328352
782 1.328318
784 1.328285
786 1.328252
788 1.328219
790 1.328186
792 1.328154
794 1.328121
796 1.328089
798 1.328058
800 1.328028
802 1.327998
804 1.32797
806 1.327941
808 1.327913
810 1.327886
812 1.327858
814 1.327831
816 1.327803
818 1.327776
820 1.327749
822 1.327722
824 1.327696
826 1.327669
828 1.327643
830 1.327616
832 1.32759
834 1.327564
836 1.327538
838 1.327512
840 1.327486
842 1.32746
844 1.327434
846 1.327409
848 1.327383
850 1.327358
852 1.327333
854 1.327308
856 1.327283
858 1.327258
860 1.327233
862 1.327208
864 1.327183
866 1.327158
868 1.327134
870 1.327109
872 1.327085
874 1.327061
876 1.327036
878 1.327012
880 1.326988
882 1.326964
884 1.32694
886 1.326916
888 1.326892
890 1.326869
892 1.326845
894 1.326821
896 1.326798
898 1.326774
900 1.326751
902 1.326727
904 1.326704
906 1.326681
908 1.326658
910 1.326634
912 1.326611
914 1.326588
916 1.326565
918 1.326543
920 1.32652
922 1.326497
924 1.326474
926 1.326451
928 1.326429
930 1.326406
932 1.326384
934 1.326361
936 1.326339
938 1.326317
940 1.326294
942 1.326272
944 1.32625
946 1.326228
948 1.326206
950 1.326183
952 1.326161
954 1.326139
956 1.326117
958 1.326096
960 1.326074
962 1.326052
964 1.32603
966 1.326008
968 1.325987
970 1.325965
972 1.325943
974 1.325922
976 1.3259
978 1.325878
980 1.325857
982 1.325835
984 1.325814
986 1.325792
988 1.325771
990 1.325749
992 1.325728
994 1.325706
996 1.325685
998 1.325663
1000 1.325642
1002 1.325621
1004 1.325599
1006 1.325578
1008 1.325557
1010 1.325535
1012 1.325514
1014 1.325493
1016 1.325472
1018 1.325451
1020 1.32543
1022 1.325409
1024 1.325388
1026 1.325366
1028 1.325345
1030 1.325324
1032 1.325303
1034 1.325282
1036 1.325261
1038 1.32524
1040 1.325219
1042 1.325198
1044 1.325177
1046 1.325156
1048 1.325135
1050 1.325114
1052 1.325093
1054 1.325072
1056 1.325051
1058 1.32503
1060 1.325009
1062 1.324988
1064 1.324966
1066 1.324945
1068 1.324924
1070 1.324903
1072 1.324882
1074 1.324861
1076 1.32484
1078 1.324819
1080 1.324798
1082 1.324777
1084 1.324756
1086 1.324735
1088 1.324714
1090 1.324693
1092 1.324672
1094 1.324651
1096 1.32463
1098 1.324609
1100 1.324588
1102 1.324567
1104 1.324546
1106 1.324525
1108 1.324504
1110 1.324483
1112 1.324462
1114 1.324441
1116 1.32442
1118 1.324399
1120 1.324378
1122 1.324357
1124 1.324336
1126 1.324315
1128 1.324294
1130 1.324273
1132 1.324252
1134 1.324231
1136 1.324209
1138 1.324188
1140 1.324167
1142 1.324146
1144 1.324125
1146 1.324104
1148 1.324083
1150 1.324062
1152 1.324041
1154 1.32402
1156 1.323998
1158 1.323977
1160 1.323956
1162 1.323935
1164 1.323914
1166 1.323893
1168 1.323872
1170 1.323851
1172 1.32383
1174 1.323809
1176 1.323787
1178 1.323766
1180 1.323745
1182 1.323724
1184 1.323703
1186 1.323681
1188 1.32366
1190 1.323639
1192 1.323618
1194 1.323596
1196 1.323575
1198 1.323554
1200 1.323532
1202 1.323511
1204 1.323489
1206 1.323468
1208 1.323446
1210 1.323425
1212 1.323404
1214 1.323382
1216 1.323361
1218 1.323339
1220 1.323318
1222 1.323296
1224 1.323274
1226 1.323252
1228 1.323231
1230 1.323209
1232 1.323187
1234 1.323165
1236 1.323144
1238 1.323122
1240 1.3231
1242 1.323078
1244 1.323056
1246 1.323034
1248 1.323012
1250 1.32299
1252 1.322968
1254 1.322945
1256 1.322923
1258 1.322901
1260 1.322878
1262 1.322856
1264 1.322833
1266 1.322811
1268 1.322788
1270 1.322766
1272 1.322743
1274 1.32272
1276 1.322698
1278 1.322675
1280 1.322653
1282 1.322629
1284 1.322606
1286 1.322584
1288 1.322561
1290 1.322538
1292 1.322515
1294 1.322491
1296 1.322468
1298 1.322445
1300 1.322422
1302 1.322399
1304 1.322375
1306 1.322352
1308 1.322329
1310 1.322305
1312 1.322282
1314 1.322258
1316 1.322234
1318 1.322211
1320 1.322187
1322 1.322163
1324 1.322139
1326 1.322115
1328 1.322091
1330 1.322067
1332 1.322043
1334 1.322018
1336 1.321994
1338 1.32197
1340 1.321946
1342 1.321921
1344 1.321896
1346 1.321871
1348 1.321847
1350 1.321823
1352 1.321798
1354 1.321772
1356 1.321747
1358 1.321723
1360 1.321698
1362 1.321672
1364 1.321647
1366 1.321622
1368 1.321597
1370 1.321572
1372 1.321548
1374 1.321523
1376 1.321499
1378 1.321474
1380 1.321449
1382 1.321425
1384 1.321402
1386 1.321378
1388 1.321353
1390 1.321329
1392 1.321306
1394 1.321284
1396 1.32126
1398 1.321236
1400 1.321213
1402 1.321192
1404 1.321171
1406 1.321148
1408 1.321125
1410 1.321103
1412 1.321083
1414 1.321063
1416 1.32104
1418 1.321018
1420 1.320996
1422 1.320976
1424 1.320956
1426 1.320936
1428 1.320915
1430 1.320894
1432 1.320874
1434 1.320855
1436 1.320835
1438 1.320815
1440 1.320795
1442 1.320775
1444 1.320755
1446 1.320735
1448 1.320716
1450 1.320697
1452 1.320676
1454 1.320655
1456 1.320635
1458 1.320616
1460 1.320596
1462 1.320575
1464 1.320553
1466 1.320532
1468 1.320512
1470 1.320492
1472 1.320469
1474 1.320446
1476 1.320424
1478 1.320403
1480 1.320382
1482 1.320358
1484 1.320334
1486 1.320312
1488 1.32029
1490 1.320267
1492 1.320242
1494 1.320216
1496 1.320193
1498 1.32017
1500 1.320146
1502 1.32012
1504 1.320094
1506 1.32007
1508 1.320046
1510 1.320021
1512 1.319994
1514 1.319968
1516 1.319942
1518 1.319917
1520 1.319891
1522 1.319864
1524 1.319837
1526 1.319811
1528 1.319785
1530 1.319758
1532 1.31973
1534 1.319702
1536 1.319675
1538 1.319649
1540 1.319621
1542 1.319593
1544 1.319565
1546 1.319538
1548 1.31951
1550 1.319483
1552 1.319454
1554 1.319426
1556 1.319398
1558 1.31937
1560 1.319342
1562 1.319314
1564 1.319285
1566 1.319257
1568 1.319229
1570 1.3192
1572 1.319171
1574 1.319142
1576 1.319113
1578 1.319084
1580 1.319056
1582 1.319027
1584 1.318997
1586 1.318968
1588 1.318939
1590 1.31891
1592 1.31888
1594 1.31885
1596 1.318821
1598 1.318791
1600 1.318762
1602 1.318732
1604 1.318702
1606 1.318673
1608 1.318643
1610 1.318614
1612 1.318584
1614 1.318554
1616 1.318525
1618 1.318495
1620 1.318465
1622 1.318435
1624 1.318404
1626 1.318374
1628 1.318343
1630 1.318312
1632 1.318281
1634 1.318251
1636 1.31822
1638 1.318189
1640 1.318158
1642 1.318127
1644 1.318096
1646 1.318065
1648 1.318035
1650 1.318003
1652 1.317972
1654 1.317939
1656 1.317908
1658 1.317879
1660 1.317849
1662 1.317816
1664 1.317784
1666 1.317758
1668 1.317714
1670 1.317671
1672 1.317628
1674 1.317584
1676 1.31754
1678 1.317496
1680 1.317452
1682 1.317407
1684 1.317362
1686 1.317318
1688 1.317272
1690 1.317227
1692 1.317181
1694 1.317135
1696 1.317089
1698 1.317043
1700 1.316996
1702 1.316949
1704 1.316902
1706 1.316855
1708 1.316807
1710 1.316759
1712 1.316711
1714 1.316663
1716 1.316615
1718 1.316566
1720 1.316517
1722 1.316468
1724 1.316418
1726 1.316369
1728 1.316319
1730 1.316269
1732 1.316218
1734 1.316167
1736 1.316116
1738 1.316065
1740 1.316014
1742 1.315962
1744 1.31591
1746 1.315858
1748 1.315806
1750 1.315753
1752 1.315701
1754 1.315649
1756 1.315596
1758 1.315541
1760 1.315488
1762 1.315434
1764 1.31538
1766 1.315326
1768 1.315272
1770 1.315218
1772 1.315165
1774 1.31511
1776 1.315054
1778 1.314998
1780 1.314944
1782 1.314887
1784 1.314831
1786 1.314774
1788 1.314717
1790 1.314659
1792 1.314601
1794 1.314542
1796 1.314483
1798 1.314423
1800 1.314362
1802 1.314301
1804 1.31424
1806 1.314179
1808 1.314116
1810 1.314054
1812 1.31399
1814 1.313929
1816 1.313862
1818 1.313818
1820 1.313775
1822 1.31372
1824 1.313661
1826 1.313592
1828 1.313527
1830 1.313453
1832 1.31336
1834 1.313267
1836 1.313185
1838 1.313109
1840 1.31304
1842 1.312974
1844 1.312896
1846 1.31281
1848 1.312707
1850 1.312594
1852 1.312484
1854 1.312402
1856 1.312331
1858 1.312248
1860 1.312164
1862 1.312085
1864 1.312
1866 1.31191
1868 1.311806
1870 1.31169
1872 1.311575
1874 1.31146
1876 1.311351
1878 1.311246
1880 1.311144
1882 1.311046
1884 1.310947
1886 1.31085
1888 1.310768
1890 1.310696
1892 1.31063
1894 1.310573
1896 1.310529
1898 1.310491
1900 1.310471
1902 1.310467
1904 1.310473
1906 1.310486
1908 1.310499
1910 1.310502
1912 1.310511
1914 1.310532
1916 1.310551
1918 1.310563
1920 1.310566
1922 1.310561
1924 1.310562
1926 1.310563
1928 1.310556
1930 1.310544
1932 1.310539
1934 1.31054
1936 1.310547
1938 1.310556
1940 1.310558
1942 1.310555
1944 1.310546
1946 1.31053
1948 1.310515
1950 1.310498
1952 1.31048
1954 1.310451
1956 1.31041
1958 1.310363
1960 1.310315
1962 1.310276
1964 1.310237
1966 1.310197
1968 1.31015
1970 1.310099
1972 1.310052
1974 1.310001
1976 1.309944
1978 1.309883
1980 1.309823
1982 1.309759
1984 1.309694
1986 1.30963
1988 1.309566
1990 1.309495
1992 1.309419
1994 1.309348
1996 1.30928
1998 1.309209
2000 1.309136
2002 1.309061
2004 1.308978
2006 1.308892
2008 1.308814
2010 1.308739
2012 1.308664
2014 1.308582
2016 1.308496
2018 1.308408
2020 1.308321
2022 1.308235
2024 1.308147
2026 1.308062
2028 1.307979
2030 1.307892
2032 1.307805
2034 1.307718
2036 1.307626
2038 1.307531
2040 1.307442
2042 1.307354
2044 1.307263
2046 1.307171
2048 1.307084
2050 1.306998
2052 1.306906
2054 1.306811
2056 1.306714
2058 1.306611
2060 1.30651
2062 1.306411
2064 1.306311
2066 1.306212
2068 1.306124
2070 1.306044
2072 1.305961
2074 1.30588
2076 1.305795
2078 1.305697
2080 1.305589
2082 1.305483
2084 1.305379
2086 1.305274
2088 1.30517
2090 1.305075
2092 1.304985
2094 1.304894
2096 1.304802
2098 1.304708
2100 1.304606
2102 1.304502
2104 1.304397
2106 1.304291
2108 1.304182
2110 1.30407
2112 1.303958
2114 1.303848
2116 1.30374
2118 1.303632
2120 1.303525
2122 1.303416
2124 1.303305
2126 1.303194
2128 1.303084
2130 1.302973
2132 1.302863
2134 1.302754
2136 1.302649
2138 1.302543
2140 1.302432
2142 1.302316
2144 1.302197
2146 1.302077
2148 1.301955
2150 1.301832
2152 1.30171
2154 1.301591
2156 1.301471
2158 1.301353
2160 1.301236
2162 1.301119
2164 1.301
2166 1.300877
2168 1.300753
2170 1.30063
2172 1.30051
2174 1.300387
2176 1.300261
2178 1.300132
2180 1.300002
2182 1.299872
2184 1.299745
2186 1.299617
2188 1.299487
2190 1.299356
2192 1.299225
2194 1.299099
2196 1.298975
2198 1.298847
2200 1.298716
2202 1.298589
2204 1.298461
2206 1.298328
2208 1.29819
2210 1.298051
2212 1.297912
2214 1.297772
2216 1.297631
2218 1.297493
2220 1.297359
2222 1.297226
2224 1.297089
2226 1.296949
2228 1.296809
2230 1.296668
2232 1.296526
2234 1.29638
2236 1.296234
2238 1.296087
2240 1.295939
2242 1.295791
2244 1.295647
2246 1.295502
2248 1.295354
2250 1.295201
2252 1.295048
2254 1.294893
2256 1.294736
2258 1.294581
2260 1.294422
2262 1.294263
2264 1.294108
2266 1.293955
2268 1.293801
2270 1.293644
2272 1.293485
2274 1.293325
2276 1.293163
2278 1.292998
2280 1.292832
2282 1.292663
2284 1.292497
2286 1.292333
2288 1.292167
2290 1.291997
2292 1.291827
2294 1.291659
2296 1.291489
2298 1.291314
2300 1.29114
2302 1.290966
2304 1.290792
2306 1.290616
2308 1.290439
2310 1.290259
2312 1.290074
2314 1.289887
2316 1.289699
2318 1.289514
2320 1.28933
2322 1.289145
2324 1.288957
2326 1.288768
2328 1.28858
2330 1.288388
2332 1.288195
2334 1.288003
2336 1.287812
2338 1.287617
2340 1.287421
2342 1.287223
2344 1.287022
2346 1.286821
2348 1.28662
2350 1.286416
2352 1.286211
2354 1.286006
2356 1.285798
2358 1.28559
2360 1.285383
2362 1.285174
2364 1.284962
2366 1.284749
2368 1.284535
2370 1.28432
2372 1.284102
2374 1.283881
2376 1.283659
2378 1.283435
2380 1.28321
2382 1.282982
2384 1.282753
2386 1.282526
2388 1.282299
2390 1.28207
2392 1.281837
2394 1.281602
2396 1.281367
2398 1.281129
2400 1.280885
2402 1.28064
2404 1.280394
2406 1.280148
2408 1.279902
2410 1.279653
2412 1.279402
2414 1.279151
2416 1.278897
2418 1.278639
2420 1.278377
2422 1.278112
2424 1.277843
2426 1.277573
2428 1.277305
2430 1.277038
2432 1.27677
2434 1.276501
2436 1.276227
2438 1.275948
2440 1.275669
2442 1.27539
2444 1.275106
2446 1.27482
2448 1.274533
2450 1.274244
2452 1.273954
2454 1.273659
2456 1.273361
2458 1.27306
2460 1.272759
2462 1.272456
2464 1.272152
2466 1.271844
2468 1.271533
2470 1.27122
2472 1.270907
2474 1.270593
2476 1.270278
2478 1.269956
2480 1.269633
2482 1.269311
2484 1.268987
2486 1.268662
2488 1.268332
2490 1.267995
2492 1.267655
2494 1.267316
2496 1.266974
2498 1.266634
2500 1.266292
2502 1.265942
2504 1.265582
2506 1.265216
2508 1.264847
2510 1.264482
2512 1.264113
2514 1.263736
2516 1.263357
2518 1.262977
2520 1.262591
2522 1.262202
2524 1.261811
2526 1.261414
2528 1.261009
2530 1.260569
2532 1.260093
2534 1.259621
2536 1.259181
2538 1.258745
2540 1.258301
2542 1.257848
2544 1.257386
2546 1.256915
2548 1.25644
2550 1.25596
2552 1.255475
2554 1.254982
2556 1.254481
2558 1.253972
2560 1.253459
2562 1.252937
2564 1.252407
2566 1.251871
2568 1.251329
2570 1.250782
2572 1.250226
2574 1.249659
2576 1.249081
2578 1.248489
2580 1.247887
2582 1.247276
2584 1.246659
2586 1.246032
2588 1.245392
2590 1.24474
2592 1.24408
2594 1.243415
2596 1.242738
2598 1.24205
2600 1.24135
2602 1.240642
2604 1.239926
2606 1.239199
2608 1.238455
2610 1.237696
2612 1.236927
2614 1.236145
2616 1.235352
2618 1.234542
2620 1.233721
2622 1.232884
2624 1.23203
2626 1.231158
2628 1.230273
2630 1.229373
2632 1.228454
2634 1.227518
2636 1.226566
2638 1.225595
2640 1.224603
2642 1.22359
2644 1.222555
2646 1.221493
2648 1.220405
2650 1.219296
2652 1.218163
2654 1.216999
2656 1.215805
2658 1.21458
2660 1.213324
2662 1.212031
2664 1.210699
2666 1.209332
2668 1.207919
2670 1.206465
2672 1.204971
2674 1.203429
2676 1.201831
2678 1.200185
2680 1.198502
2682 1.19676
2684 1.194935
2686 1.193034
2688 1.191073
2690 1.189065
2692 1.186985
2694 1.184831
2696 1.182603
2698 1.180304
2700 1.177938
2702 1.175536
2704 1.173086
2706 1.170577
2708 1.168001
2710 1.165398
2712 1.162812
2714 1.160244
2716 1.157698
2718 1.155206
2720 1.152792
2722 1.150485
2724 1.148304
2726 1.146275
2728 1.144408
2730 1.142684
2732 1.141137
2734 1.139762
2736 1.138566
2738 1.137519
2740 1.136615
2742 1.135839
2744 1.135186
2746 1.134631
2748 1.134155
2750 1.13375
2752 1.133401
2754 1.133091
2756 1.132812
2758 1.132562
2760 1.132337
2762 1.13213
2764 1.131938
2766 1.131762
2768 1.131598
2770 1.131447
2772 1.131307
2774 1.131179
2776 1.131066
2778 1.130972
2780 1.130905
2782 1.130866
2784 1.130864
2786 1.130905
2788 1.13098
2790 1.131091
2792 1.131248
2794 1.131448
2796 1.131699
2798 1.132007
2800 1.13237
2802 1.132796
2804 1.13329
2806 1.133841
2808 1.134463
2810 1.135153
2812 1.135904
2814 1.136727
2816 1.137613
2818 1.138571
2820 1.139614
2822 1.140728
2824 1.141928
2826 1.143202
2828 1.144542
2830 1.14595
2832 1.147412
2834 1.148944
2836 1.150548
2838 1.152225
2840 1.153984
2842 1.155804
2844 1.157707
2846 1.159661
2848 1.161687
2850 1.163751
2852 1.165859
2854 1.16802
2856 1.170238
2858 1.172527
2860 1.174881
2862 1.177314
2864 1.179808
2866 1.182354
2868 1.18494
2870 1.187607
2872 1.190323
2874 1.193104
2876 1.195926
2878 1.19881
2880 1.201758
2882 1.204789
2884 1.207889
2886 1.211037
2888 1.214211
2890 1.217429
2892 1.22069
2894 1.224044
2896 1.227446
2898 1.2309
2900 1.234408
2902 1.237991
2904 1.24164
2906 1.245365
2908 1.249129
2910 1.252913
2912 1.256714
2914 1.260508
2916 1.264353
2918 1.268227
2920 1.272155
2922 1.276119
2924 1.28011
2926 1.284132
2928 1.288168
2930 1.292188
2932 1.2962
2934 1.300174
2936 1.304132
2938 1.30806
2940 1.311952
2942 1.31582
2944 1.319644
2946 1.323442
2948 1.327205
2950 1.330908
2952 1.33455
2954 1.338087
2956 1.341526
2958 1.344879
2960 1.348156
2962 1.351388
2964 1.354594
2966 1.357741
2968 1.360831
2970 1.363822
2972 1.366687
2974 1.369467
2976 1.372133
2978 1.374714
2980 1.377226
2982 1.379666
2984 1.382065
2986 1.384435
2988 1.386766
2990 1.389045
2992 1.391285
2994 1.393476
2996 1.3956
2998 1.397661
3000 1.399643
3002 1.401548
3004 1.403391
3006 1.405183
3008 1.406931
3010 1.40866
3012 1.410378
3014 1.412086
3016 1.413785
3018 1.415462
3020 1.417106
3022 1.418708
3024 1.420274
3026 1.421824
3028 1.423359
3030 1.424875
3032 1.426392
3034 1.427912
3036 1.429445
3038 1.430988
3040 1.432515
3042 1.434023
3044 1.435515
3046 1.436995
3048 1.43848
3050 1.439976
3052 1.441487
3054 1.443027
3056 1.444591
3058 1.446167
3060 1.447742
3062 1.44929
3064 1.450809
3066 1.452305
3068 1.453792
3070 1.455284
3072 1.456763
3074 1.45823
3076 1.459689
3078 1.46114
3080 1.46259
3082 1.464042
3084 1.465482
3086 1.46692
3088 1.468345
3090 1.469747
3092 1.471119
3094 1.472436
3096 1.473702
3098 1.474919
3100 1.476094
3102 1.477241
3104 1.47836
3106 1.479454
3108 1.480511
3110 1.481521
3112 1.482478
3114 1.483378
3116 1.484218
3118 1.485002
3120 1.485735
3122 1.486422
3124 1.48707
3126 1.487678
3128 1.488242
3130 1.488763
3132 1.489238
3134 1.489666
3136 1.490045
3138 1.490375
3140 1.490659
3142 1.490899
3144 1.491098
3146 1.491257
3148 1.491381
3150 1.491472
3152 1.491532
3154 1.491563
3156 1.491564
3158 1.491538
3160 1.491483
3162 1.491396
3164 1.491276
3166 1.491124
3168 1.490941
3170 1.490728
3172 1.490487
3174 1.490223
3176 1.489938
3178 1.489635
3180 1.489314
3182 1.488975
3184 1.488617
3186 1.488241
3188 1.487846
3190 1.48743
3192 1.486999
3194 1.48655
3196 1.486084
3198 1.485604
3200 1.48511
3202 1.484605
3204 1.484089
3206 1.483561
3208 1.483024
3210 1.482478
3212 1.481926
3214 1.481365
3216 1.480795
3218 1.480216
3220 1.479628
3222 1.479032
3224 1.478429
3226 1.477822
3228 1.47721
3230 1.476598
3232 1.475984
3234 1.475368
3236 1.474746
3238 1.474118
3240 1.473486
3242 1.472852
3244 1.472215
3246 1.471578
3248 1.470937
3250 1.470294
3252 1.469651
3254 1.469004
3256 1.468357
3258 1.467709
3260 1.467062
3262 1.466416
3264 1.46577
3266 1.465124
3268 1.464477
3270 1.463829
3272 1.463181
3274 1.462536
3276 1.461892
3278 1.46125
3280 1.460607
3282 1.459966
3284 1.459327
3286 1.458691
3288 1.458055
3290 1.457422
3292 1.45679
3294 1.456158
3296 1.455529
3298 1.454902
3300 1.454276
3302 1.453652
3304 1.453029
3306 1.45241
3308 1.451794
3310 1.45118
3312 1.45057
3314 1.449962
3316 1.449355
3318 1.448751
3320 1.448151
3322 1.447552
3324 1.446957
3326 1.446364
3328 1.445772
3330 1.445183
3332 1.444597
3334 1.444014
3336 1.443434
3338 1.442858
3340 1.442286
3342 1.441717
3344 1.441151
3346 1.440586
3348 1.440023
3350 1.439464
3352 1.438907
3354 1.43835
3356 1.437798
3358 1.437249
3360 1.436702
3362 1.436157
3364 1.435614
3366 1.435072
3368 1.434533
3370 1.433999
3372 1.43347
3374 1.432945
3376 1.432423
3378 1.431905
3380 1.431389
3382 1.430876
3384 1.430367
3386 1.429864
3388 1.429366
3390 1.42887
3392 1.428377
3394 1.427886
3396 1.427396
3398 1.426911
3400 1.426428
3402 1.42595
3404 1.425474
3406 1.424999
3408 1.424528
3410 1.42406
3412 1.423593
3414 1.423128
3416 1.422665
3418 1.422204
3420 1.421746
3422 1.42129
3424 1.420837
3426 1.420388
3428 1.41994
3430 1.419496
3432 1.419053
3434 1.418614
3436 1.41818
3438 1.417749
3440 1.417321
3442 1.416898
3444 1.416479
3446 1.416064
3448 1.415651
3450 1.415243
3452 1.414835
3454 1.41443
3456 1.414025
3458 1.413622
3460 1.413222
3462 1.412824
3464 1.412428
3466 1.412036
3468 1.411646
3470 1.411258
3472 1.410872
3474 1.410488
3476 1.410107
3478 1.409727
3480 1.409352
3482 1.408979
3484 1.408608
3486 1.408239
3488 1.407874
3490 1.407509
3492 1.407146
3494 1.406788
3496 1.40643
3498 1.406074
3500 1.405722
3502 1.405372
3504 1.405022
3506 1.404675
3508 1.40433
3510 1.403988
3512 1.403649
3514 1.403313
3516 1.402979
3518 1.402646
3520 1.402314
3522 1.401983
3524 1.401654
3526 1.401329
3528 1.401008
3530 1.400691
3532 1.400377
3534 1.400063
3536 1.399751
3538 1.39944
3540 1.399127
3542 1.398816
3544 1.398508
3546 1.398202
3548 1.397898
3550 1.397596
3552 1.397296
3554 1.396998
3556 1.396701
3558 1.396407
3560 1.396114
3562 1.395824
3564 1.395534
3566 1.395248
3568 1.394962
3570 1.394678
3572 1.394396
3574 1.394115
3576 1.393836
3578 1.393559
3580 1.393284
3582 1.393011
3584 1.392739
3586 1.392469
3588 1.3922
3590 1.391932
3592 1.391666
3594 1.391402
3596 1.391139
3598 1.390878
3600 1.390618
3602 1.39036
3604 1.390102
3606 1.389846
3608 1.389591
3610 1.389338
3612 1.389086
3614 1.388836
3616 1.388588
3618 1.38834
3620 1.388093
3622 1.387848
3624 1.387604
3626 1.387362
3628 1.387122
3630 1.386883
3632 1.386645
3634 1.386408
3636 1.386172
3638 1.385937
3640 1.385704
3642 1.385471
3644 1.38524
3646 1.38501
3648 1.384781
3650 1.384555
3652 1.384329
3654 1.384104
3656 1.38388
3658 1.383657
3660 1.383436
3662 1.383216
3664 1.382999
3666 1.382782
3668 1.382567
3670 1.382352
3672 1.382138
3674 1.381925
3676 1.381712
3678 1.381501
3680 1.38129
3682 1.381082
3684 1.380875
3686 1.380668
3688 1.380463
3690 1.380259
3692 1.380055
3694 1.379852
3696 1.37965
3698 1.379449
3700 1.379249
3702 1.379049
3704 1.37885
3706 1.378652
3708 1.378455
3710 1.378258
3712 1.378063
3714 1.377868
3716 1.377674
3718 1.377481
3720 1.377289
3722 1.377099
3724 1.376909
3726 1.376719
3728 1.376531
3730 1.376343
3732 1.376156
3734 1.375969
3736 1.375784
3738 1.375599
3740 1.375416
3742 1.375233
3744 1.37505
3746 1.374868
3748 1.374687
3750 1.374507
3752 1.374327
3754 1.374149
3756 1.373972
3758 1.373795
3760 1.373619
3762 1.373444
3764 1.37327
3766 1.373097
3768 1.372925
3770 1.372753
3772 1.372582
3774 1.372411
3776 1.372242
3778 1.372072
3780 1.371902
3782 1.371734
3784 1.371566
3786 1.3714
3788 1.371234
3790 1.371069
3792 1.370905
3794 1.370742
3796 1.37058
3798 1.370418
3800 1.370258
3802 1.370098
3804 1.369938
3806 1.369778
3808 1.369619
3810 1.36946
3812 1.369302
3814 1.369144
3816 1.368987
3818 1.36883
3820 1.368674
3822 1.368519
3824 1.368364
3826 1.368211
3828 1.368057
3830 1.367905
3832 1.367753
3834 1.367602
3836 1.36745
3838 1.3673
3840 1.36715
3842 1.367001
3844 1.366853
3846 1.366705
3848 1.366557
3850 1.36641
3852 1.366263
3854 1.366116
3856 1.36597
3858 1.365825
3860 1.36568
3862 1.365536
3864 1.365393
3866 1.36525
3868 1.365107
3870 1.364965
3872 1.364824
3874 1.364683
3876 1.364542
3878 1.364402
3880 1.364263
3882 1.364124
3884 1.363986
3886 1.363848
3888 1.363711
3890 1.363574
3892 1.363438
3894 1.363302
3896 1.363167
3898 1.363032
3900 1.362897
3902 1.362763
3904 1.362629
3906 1.362496
3908 1.362364
3910 1.362232
3912 1.3621
3914 1.361968
3916 1.361837
3918 1.361707
3920 1.361577
3922 1.361448
3924 1.361319
3926 1.361191
3928 1.361063
3930 1.360936
3932 1.360809
3934 1.360683
3936 1.360557
3938 1.360432
3940 1.360308
3942 1.360184
3944 1.360061
3946 1.359938
3948 1.359815
3950 1.359693
3952 1.359571
3954 1.359449
3956 1.359328
3958 1.359207
3960 1.359086
3962 1.358966
3964 1.358847
3966 1.358727
3968 1.358608
3970 1.358489
3972 1.358371
3974 1.358253
3976 1.358136
3978 1.358019
3980 1.357902
3982 1.357786
3984 1.357671
3986 1.357556
3988 1.357441
3990 1.357326
3992 1.357212
3994 1.357098
3996 1.356984
3998 1.35687
4000 1.356756
